8 7 
0.00000000 0.00000000 0.00000000 0.00000000 0.00000000 0.00000000 0.00000000 
0.00000000 0.00000000 0.00000000 0.00000000 0.00000000 0.00000000 0.50000000 
0.00000000 0.00000000 0.00000000 0.00000000 0.00000000 0.33333334 0.25000000 
0.00000000 0.00000000 0.00000000 0.00000000 0.25000000 0.20000000 0.16666667 
0.00000000 0.00000000 0.00000000 0.20000000 0.16666667 0.14285715 0.12500000 
0.00000000 0.00000000 0.16666667 0.14285715 0.12500000 0.11111111 0.10000000 
0.00000000 0.14285715 0.12500000 0.11111111 0.10000000 0.09090909 0.08333334 
0.12500000 0.11111111 0.10000000 0.09090909 0.08333334 0.07692308 0.07142857 
0.00000000 0.00000000 0.00000000 0.00000000 0.00000000 0.00000000 0.00000000 
0.00000000 0.00000000 0.00000000 0.00000000 0.00000000 0.00000000 0.50000000 
0.00000000 0.00000000 0.00000000 0.00000000 0.00000000 0.33333334 0.25000000 
0.00000000 0.00000000 0.00000000 0.00000000 0.25000000 0.20000000 0.16666667 
0.00000000 0.00000000 0.00000000 0.20000000 0.16666667 0.14285715 0.12500000 
0.00000000 0.00000000 0.16666667 0.14285715 0.12500000 0.11111111 0.10000000 
0.00000000 0.14285715 0.12500000 0.11111111 0.10000000 0.09090909 0.08333334 
0.12500000 0.11111111 0.10000000 0.09090909 0.08333334 0.07692308 0.07142857 
1.00000000 0.33333334 0.20000000 0.14285715 0.11111111 0.09090909 0.07692308 0.06666667 